Data File :human
Query file:human_40n
LIMIT: 100000
0 7.1212 9.187 1499 100000 0
1 23.0786 25.031 109709 100000 0
2 0.6081 1.5632 113 100008 0
3 2.6462 7.3864 1769 100008 0
4 2.2355 4.3452 347 100023 0
5 0.7288 8.885 39 100080 0
6 0.1344 5.6705 37 1.60989e+08 0
7 0.5217 1.0764 99 100080 0
8 9.3866 11.0491 514 100002 0
9 8220.32 8225.89 1403659 100079 0
10 2.4706 3.6674 697 100002 0
11 0.1596 13.1932 33 5.03417e+11 0
12 4.7222 9.1753 404 100002 0
13 0.7575 5.2043 44 100100 0
14 1.3481 2.0891 142 100006 0
15 0.4648 1.5284 144 100188 0
16 13.6792 15.2514 15118 100000 0
17 60963.6 60966.8 25865664 0 1
18 6.2908 8.7112 2121 100000 0
19 5.9476 9.0602 1210 100000 0
20 5.5918 6.8343 1525 100000 0
21 0.0315 1.075 36 156978 0
22 0.2795 1.4618 42 100198 0
23 46.4027 48.2714 18454 100000 0
24 60971.2 60972.9 330067789 0 1
25 6.3861 9.8429 1372 100000 0
26 6.5592 11.9398 1553 100000 0
27 6.6355 15.4164 1583 100000 0
28 8.6201 13.1832 12371 100000 0
29 6.2011 9.1734 1354 100000 0
30 60975.8 60978.3 71525226 0 1
31 60965.1 60973.3 22862033 0 1
32 8.8832 10.3791 170 100002 0
33 0.2974 1.6014 48 100100 0
34 1.2486 8.4518 81 100040 0
35 60969 60970.5 61723366 0 1
36 471.088 477.81 95638 100000 0
37 6.0487 9.4627 1125 100000 0
38 5.8078 6.6089 1946 100000 0
39 5.9477 12.8047 976 100000 0
40 6.0342 8.8887 1061 100000 0
41 5.4806 6.6388 997 100000 0
42 7.3367 8.5353 8661 100000 0
43 0.7789 4.8709 58 100062 0
44 18.3799 19.7668 31272 100000 0
45 0.9965 4.9857 74 100076 0
46 13.8359 16.15 900 100000 0
47 1.5245 2.7276 74 100008 0
48 2.1768 3.5078 150 100020 0
49 0.0394 2.3681 37 494832 0
50 11.5099 13.8699 34929 100000 0
51 1.5686 2.4357 72 100002 0
52 0.8828 3.364 352 100045 0
53 6.8744 8.1356 5984 100000 0
54 60927.4 60933.3 105003579 0 1
55 7.3967 16.6939 2785 100000 0
56 3.8453 6.8988 122 100000 0
57 105.055 106.194 325699 101898 0
58 60978.9 60984 110067040 0 1
59 7.5675 9.6743 2518 100000 0
60 60975.6 60977.1 6089159 0 1
61 3.0319 4.0013 1555 100019 0
62 6.757 7.9156 1684 100000 0
63 7.2222 8.8044 3429 100000 0
64 0.0575 1.7281 37 121992 0
65 1.2833 1.7939 545 100008 0
66 6.2626 9.2151 1972 100000 0
67 3.1956 20.234 1512 100010 0
68 24.0884 25.9312 8185 100000 0
69 6.6284 7.3857 965 100000 0
70 1.4984 1.6771 232 100032 0
71 6.7346 8.9257 1066 100000 0
72 0.1891 0.3455 303 864 0
73 60966.4 60967.7 128997169 0 1
74 7.3607 9.6522 6878 100000 0
75 3.8379 4.0475 949 100000 0
76 60971.1 60978.4 29245416 0 1
77 7.1482 9.6185 4485 100002 0
78 10.5499 11.4459 5587 100000 0
79 12.9473 17.9601 16328 100000 0
80 30.7364 34.4202 137563 100000 0
81 60968.4 60970.5 13816736 0 1
82 330.347 333.572 1218403 100007 0
83 6.1005 11.2494 1757 100000 0
84 6.4817 8.9402 1642 100000 0
85 0.0814 3.6816 35 100800 0
86 0.665 5.4629 120 100100 0
87 14.6285 18.336 18013 100000 0
88 2.1801 2.3489 584 100032 0
89 6.6314 11.8211 1313 100000 0
90 60960 60966 89865055 0 1
91 60969.6 60971.3 130158760 0 1
92 9.0139 15.193 5976 100000 0
93 13.3381 15.2519 26995 100004 0
94 0.6605 1.4436 60 100044 0
95 8.1546 19.5062 1536 100000 0
96 13.3087 16.6523 11241 100000 0
97 0.0996 7.5779 36 4.37027e+07 0
98 17.9283 18.857 6818 100000 0
99 8420.86 8422.23 15490173 100240 0
Average Search Time Per Query => 207.8155 ms!
Average Total Time Per Query => 210.9795 ms!
Average Recursive Call Count => 219191.8851
Total Number of Found Matches=> 503,630,846,292
#End Queries=> 87
