Data File :human
Query file:human_40n
LIMIT: 100000
0 60004.9 60007 65156648 0 1
1 6.39577 8.32795 4140 100000 0
2 0.478546 1.0843 83 100008 0
3 6.93885 10.6408 3296 100008 0
4 5.82479 8.73794 4324 100000 0
5 1.064 11.143 316 100080 0
6 0.136136 8.23899 37 2.46024e+06 0
7 0.554119 1.52317 93 100080 0
8 8.15264 10.2021 514 100002 0
9 3.61528 10.3474 128 100005 0
10 2.88492 4.1884 709 100002 0
11 0.171291 17.6612 33 5.83507e+11 0
12 5.05564 10.7008 205 100002 0
13 1.07873 6.48636 62 100096 0
14 1.50396 2.18928 143 100006 0
15 0.335967 1.4232 176 100188 0
16 159.321 160.4 319542 100000 0
17 60003.3 60006.5 20912165 0 1
18 5.62025 8.00962 2382 100000 0
19 5.96099 9.74188 1852 100000 0
20 5.24776 6.73932 1179 100000 0
21 0.032824 1.15995 36 156978 0
22 0.318344 1.64786 41 100198 0
23 52.4718 54.4798 12979 100000 0
24 60004.3 60006.1 296476810 0 1
25 5.98261 10.9389 733 100000 0
26 7.34854 13.9685 1559 100000 0
27 9.19426 19.6285 1774 100000 0
28 60001.4 60006.8 18425912 0 1
29 5.75031 9.43559 1480 100000 0
30 60003.6 60006.8 47808582 0 1
31 16.7312 26.6765 10250 100000 0
32 60005.6 60006.8 79906638 0 1
33 0.343527 1.55133 48 100100 0
34 11.3891 19.8275 771 100000 0
35 60005.3 60006.6 128743849 0 1
36 59998.2 60006.5 33686716 0 1
37 5.63352 8.80245 1125 100000 0
38 5.32981 6.27101 1964 100000 0
39 5.29806 14.15 789 100000 0
40 9.40415 12.5837 14505 100000 0
41 5.75296 6.95867 2457 100000 0
42 5.5943 6.37709 1793 100000 0
43 0.86477 5.44293 51 100062 0
44 6.46822 7.97629 3327 100000 0
45 120.317 124.104 13998 100002 0
46 10.8658 13.4213 900 100000 0
47 6465.87 6466.85 1666720 100008 0
48 0.831215 2.17922 58 100020 0
49 0.029965 2.53503 37 494832 0
50 6.85541 9.51825 2429 100000 0
51 1.71615 2.54588 72 100002 0
52 3.44523 6.66682 1368 100053 0
53 6.37397 7.9471 5984 100000 0
54 59999.6 60006.8 50759070 0 1
55 59996.2 60006.8 33652295 0 1
56 3.34996 6.0987 161 100000 0
57 2.15044 3.39716 5743 101898 0
58 60000.7 60006.5 88181097 0 1
59 8.5186 10.9797 14155 100000 0
60 11.742 13.2202 34947 100044 0
61 2.47056 3.64982 905 100004 0
62 6.39595 7.63692 2247 100000 0
63 6.2972 7.83605 3517 100000 0
64 60003.5 60005.5 116260638 0 1
65 1.37289 1.79028 3507 100020 0
66 5.76502 9.00666 2214 100000 0
67 2.64066 21.9758 1268 100010 0
68 60003.2 60005.3 40768540 0 1
69 22.657 23.2049 53493 100000 0
70 3.03898 3.20919 465 100000 0
71 7.89327 10.5257 9062 100000 0
72 0.231595 0.342641 655 864 0
73 60003.2 60005 2272339 0 1
74 7.27784 9.96841 7148 100000 0
75 3.95712 4.25044 178 100000 0
76 59997.1 60006.2 66901966 0 1
77 11.9321 13.9408 21580 100002 0
78 12.9895 14.0919 40627 100000 0
79 11.0347 15.898 16328 100000 0
80 14.606 15.9211 5796 100000 0
81 13.291 14.6143 2038 100000 0
82 0.890047 3.95094 104 100007 0
83 5.5816 11.9143 1523 100000 0
84 6.13255 9.48543 1640 100000 0
85 0.072807 4.02065 35 103824 0
86 0.933719 6.88273 115 100100 0
87 6.28191 10.6475 1454 100000 0
88 2.19923 2.41676 818 100032 0
89 8.467 13.4116 25248 100000 0
90 18.6916 24.8921 29385 100004 0
91 60004.7 60006.2 290414021 0 1
92 5.15132 10.4686 324 100000 0
93 60003.9 60005.6 28154627 0 1
94 0.604259 1.08702 59 100044 0
95 58.6608 70.5097 101574 100000 0
96 69.8319 72.4709 49455 100000 0
97 60000 60005.8 27120074 0 1
98 17.6408 18.4309 8320 100000 0
99 0.512718 1.52978 83 100240 0
Average Search Time Per Query => 89.6563 ms!
Average Total Time Per Query => 93.1110 ms!
Average Recursive Call Count => 30885.7683
Total Number of Found Matches=> 583,517,324,065
#End Queries=> 82
