Data File :human
Query file:human_40n
LIMIT: 100000
0 60972.5 60974.4 81327165 0 1
1 6.7112 8.4962 4140 100000 0
2 0.4587 1.0362 83 100008 0
3 4.8523 7.8968 3296 100008 0
4 4.5217 6.5787 4324 100000 0
5 0.7391 8.0614 316 100080 0
6 0.1155 5.783 37 2.46024e+06 0
7 0.5103 1.1117 93 100080 0
8 7.783 9.7002 514 100002 0
9 2.4415 7.2776 128 100005 0
10 2.3663 3.6744 709 100002 0
11 0.1624 12.5066 33 5.83507e+11 0
12 4.1645 8.6696 205 100002 0
13 0.8402 5.1266 62 100096 0
14 1.2964 2.0281 143 100006 0
15 0.3003 1.0101 176 100188 0
16 122.591 123.301 319542 100000 0
17 60976.4 60979.1 30659797 0 1
18 7.683 13.665 2382 100000 0
19 6.7212 15.0287 1852 100000 0
20 8.7006 11.4003 1179 100000 0
21 0.0355 1.2859 36 156978 0
22 0.2906 1.2599 41 100198 0
23 43.6132 45.2788 12979 100000 0
24 60975.6 60977.2 307803855 0 1
25 5.662 9.1057 733 100000 0
26 6.439 12.6314 1559 100000 0
27 7.2148 15.4843 1774 100000 0
28 60965.3 60969.3 23015217 0 1
29 6.0063 9.6473 1480 100000 0
30 60977.3 60980.4 59672705 0 1
31 15.2342 24.245 10250 100000 0
32 60968.8 60970.2 102477209 0 1
33 0.4228 1.7717 48 100100 0
34 12.4792 19.294 771 100000 0
35 60980.3 60981.8 152758842 0 1
36 60975.3 60982.1 43760269 0 1
37 6.0792 9.2955 1125 100000 0
38 6.2077 7.0599 1964 100000 0
39 5.8692 13.471 789 100000 0
40 9.5076 12.7167 14505 100000 0
41 7.133 8.5952 2457 100000 0
42 5.9842 7.0872 1793 100000 0
43 0.7428 5.2227 51 100062 0
44 7.6946 9.2944 3327 100000 0
45 99.6519 103.543 13998 100002 0
46 11.4251 13.2898 900 100000 0
47 5154.71 5155.68 1666720 100008 0
48 0.8578 2.0553 58 100020 0
49 0.0613 2.2678 37 494832 0
50 7.2705 9.6714 2429 100000 0
51 1.5216 2.5973 72 100002 0
52 2.8252 5.3472 1368 100053 0
53 6.7268 8.244 5984 100000 0
54 60967.8 60973.6 63874783 0 1
55 60971.8 60981.2 42684037 0 1
56 3.4857 6.5041 161 100000 0
57 1.7421 2.6865 5743 101898 0
58 60971 60975.8 112171995 0 1
59 8.5128 11.0991 14155 100000 0
60 11.4193 12.937 34947 100044 0
61 2.4582 3.6174 905 100004 0
62 7.1833 8.5245 2247 100000 0
63 6.7795 8.4638 3517 100000 0
64 60972.6 60974.2 148872707 0 1
65 1.5485 2.3281 3507 100020 0
66 6.1704 9.1484 2214 100000 0
67 2.4986 18.1631 1268 100010 0
68 60971.6 60973.3 54217054 0 1
69 23.0852 24.0001 53493 100000 0
70 3.4091 3.5256 465 100000 0
71 9.201 12.6801 9062 100000 0
72 0.3782 0.4769 655 864 0
73 60974.1 60976.6 2811888 0 1
74 7.4579 9.8691 7148 100000 0
75 3.8567 4.109 178 100000 0
76 60961.7 60968.8 83855238 0 1
77 11.4315 13.3502 21580 100002 0
78 12.8438 13.6847 40627 100000 0
79 11.2349 15.4172 16328 100000 0
80 13.4414 14.6917 5796 100000 0
81 13.296 14.2355 2038 100000 0
82 0.7937 3.4987 104 100007 0
83 6.3993 11.7554 1523 100000 0
84 7.466 10.5277 1640 100000 0
85 0.0922 4.436 35 103824 0
86 0.7271 6.1927 115 100100 0
87 7.6578 11.4137 1454 100000 0
88 2.0891 2.2841 818 100032 0
89 10.2396 15.1476 25248 100000 0
90 17.8284 23.7349 29385 100004 0
91 60936.7 60938.1 327124366 0 1
92 5.546 10.5931 324 100000 0
93 60973.3 60974.6 36385904 0 1
94 1.3848 2.3981 59 100044 0
95 51.3867 64.1031 101574 100000 0
96 58.1475 62.3959 49455 100000 0
97 60940.1 60948.8 34249966 0 1
98 17.3603 17.8754 8320 100000 0
99 0.4318 1.3183 83 100240 0
Average Search Time Per Query => 72.7270 ms!
Average Total Time Per Query => 75.9144 ms!
Average Recursive Call Count => 30885.7683
Total Number of Found Matches=> 583,517,324,065
#End Queries=> 82
