Data File :human
Query file:human_40n
LIMIT: 100000
0 60001.6 60003.6 59834117 0 1
1 8.78783 11.3512 4140 100000 0
2 0.668074 1.47377 83 100008 0
3 7.55467 12.3224 3296 100008 0
4 6.81079 10.2828 4324 100000 0
5 1.09504 13.0097 316 100080 0
6 0.142288 9.7853 37 2.46024e+06 0
7 0.735767 1.61735 93 100080 0
8 11.1671 13.8917 514 100002 0
9 4.16112 12.142 128 100005 0
10 3.60166 5.74885 709 100002 0
11 0.21042 20.1346 33 5.83507e+11 0
12 6.07799 13.2156 205 100002 0
13 1.15376 8.27802 62 100096 0
14 2.03891 2.90962 143 100006 0
15 0.474864 1.49816 176 100188 0
16 197.061 198.082 319542 100000 0
17 59998.9 60003.6 20464846 0 1
18 5.65273 8.01518 2382 100000 0
19 6.17227 10.4444 1852 100000 0
20 5.32014 6.71659 1179 100000 0
21 0.048083 1.68745 36 156978 0
22 0.35287 1.85353 41 100198 0
23 54.4986 57.0919 12979 100000 0
24 60001.9 60003.7 254225304 0 1
25 5.5627 9.65169 733 100000 0
26 6.6153 13.5598 1559 100000 0
27 7.77089 19.0788 1774 100000 0
28 59998.4 60003.6 16710636 0 1
29 6.39006 10.4741 1480 100000 0
30 60000.1 60003.6 43498277 0 1
31 20.1207 32.1401 10250 100000 0
32 60002.3 60003.7 69430278 0 1
33 0.356877 1.6259 48 100100 0
34 13.2504 21.8387 771 100000 0
35 60001.9 60003.7 114611520 0 1
36 59995.1 60003.7 30279033 0 1
37 7.31114 11.2543 1125 100000 0
38 7.35427 8.55478 1964 100000 0
39 6.98503 18.0072 789 100000 0
40 12.2409 16.3164 14505 100000 0
41 7.56567 8.98393 2457 100000 0
42 7.22403 8.62643 1793 100000 0
43 1.17958 7.40876 51 100062 0
44 8.38663 10.1096 3327 100000 0
45 155.272 160.556 13998 100002 0
46 15.4293 18.9648 900 100000 0
47 9152 9153.18 1666720 100008 0
48 1.05029 2.22674 58 100020 0
49 0.033828 2.61549 37 494832 0
50 8.22783 10.9885 2429 100000 0
51 2.13613 3.39479 72 100002 0
52 4.54449 8.00688 1368 100053 0
53 7.77674 9.63455 5984 100000 0
54 59998.2 60006.5 46957496 0 1
55 59995.7 60006.3 32891451 0 1
56 3.59862 6.32981 161 100000 0
57 2.11866 3.34652 5743 101898 0
58 60000.3 60006.5 89357703 0 1
59 8.50934 10.8246 14155 100000 0
60 11.9519 13.6749 34947 100044 0
61 2.67824 3.89933 905 100004 0
62 6.46136 8.15497 2247 100000 0
63 6.38332 8.1556 3517 100000 0
64 60003.2 60004.9 115550827 0 1
65 1.42558 1.83815 3507 100020 0
66 5.81244 9.46905 2214 100000 0
67 2.7345 22.892 1268 100010 0
68 60002.4 60004.2 36350311 0 1
69 22.4712 23.0615 53493 100000 0
70 3.29004 3.44511 465 100000 0
71 7.77156 10.2078 9062 100000 0
72 0.240688 0.345343 655 864 0
73 60009.8 60011.7 2390869 0 1
74 7.08932 9.63316 7148 100000 0
75 4.14282 4.39368 178 100000 0
76 59997.9 60006.5 68386366 0 1
77 12.5039 14.754 21580 100002 0
78 13.2905 14.4687 40627 100000 0
79 11.0824 15.9687 16328 100000 0
80 14.6757 15.9991 5796 100000 0
81 14.0302 15.3591 2038 100000 0
82 0.912226 4.32097 104 100007 0
83 5.58638 11.7677 1523 100000 0
84 6.38043 9.32781 1640 100000 0
85 0.072653 4.0289 35 103824 0
86 0.787878 6.42847 115 100100 0
87 6.16279 10.2067 1454 100000 0
88 1.98652 2.15378 818 100032 0
89 8.65345 13.5814 25248 100000 0
90 20.4792 26.7418 29385 100004 0
91 60005.5 60007.2 297202465 0 1
92 5.14782 10.5538 324 100000 0
93 60007.8 60009.5 28129765 0 1
94 0.698612 1.19142 59 100044 0
95 58.4598 69.9489 101574 100000 0
96 67.9613 70.1692 49455 100000 0
97 59999.9 60005.5 27774246 0 1
98 18.2545 18.9076 8320 100000 0
99 0.50586 1.48983 83 100240 0
Average Search Time Per Query => 123.8156 ms!
Average Total Time Per Query => 127.6316 ms!
Average Recursive Call Count => 30885.7683
Total Number of Found Matches=> 583,517,324,065
#End Queries=> 82
